100
-3578 5591
-3090 -5409
-2615 -471
6723 5615
-1066 -8756
-3761 -3486
-5550 1000
-2483 -3269
-2006 6771
-8479 6550
-1030 9045
4168 -6306
-6712 -7129
-6266 -6605
-9264 4215
9313 -9818
-6457 3509
-8749 5383
3299 9252
9667 4038
3650 -9398
5072 -9404
7255 1430
5194 4112
2079 -1099
-7672 8665
3374 9257
-4610 -4608
-7032 9667
-630 -8878
-2460 6296
-50 4190
-1185 8398
2004 -6848
-5658 -9389
8118 -6559
-7563 -9718
692 -7850
-116 8046
-9826 8736
-9197 7035
-4293 -8729
8739 -6551
-335 3075
-8080 -1522
2356 9338
-4995 -4973
3615 9084
7072 -2351
-1449 2173
-1042 5569
5759 7241
-9237 1274
-9677 -6252
8334 3146
-1070 -6570
7985 5782
1456 -1426
-7278 -8534
7390 -4837
5418 -5247
5118 -5519
9949 4364
7458 7930
-4107 -3165
-2927 -5274
-1142 -2544
-8851 9919
-8447 529
6869 -3610
-6332 -5689
391 -1069
-7148 -1634
3588 9071
3734 -4715
-5662 3437
5628 6326
-781 2542
-3530 -9154
8628 8296
3467 -9737
-1888 7412
8291 8855
-3951 857
-4165 4719
8464 6560
4724 1570
8642 3535
7373 -7219
2505 6828
9373 -8709
7769 -2651
9313 -1450
1888 3
-3727 -6781
887 -2035
-6388 2700
2691 -8529
-3420 -7022
-7911 6564